Lorenz attractor parameters:
alpha = 2.54741810541479760101754106628594038369410689160884678904379102822569712448199145704600562203955167068147643966669050961113092937093737040224362649128009888e+1
rho = 2.66221691201544222981456771018661917661624922259536069938696953439478275105114223018807462891008454789877149644250585531932574478877975828423153529140704087e+1
beta = 7.78701934646210602785558720485101789461961849342082556962074039951932635135917288780173886930650978782517359956408552805152047800436638202721550223753578118
x0 = -1.42897536579006135733335342134039542700182433566163495912292737472938717097481115300898028212086310708935517216536922946822328002575006337172820389816919528e-1
y0 = -4.92010555924852637539083434985523780335450442664069329697671034232560095485560640453156382056491627384206106599516284931225834847998728439211253281315440879e-1
z0 = 7.86149543610471088257837616027257226420220558727262801829382219272378002885905090788606021454839977181907732590058693937053295754386715476581228653239658474e-1

Rossler attractor parameters:
alpha = 2.11071384163140963838967012166495906266614751083131297995863155459921413781084778616709997233333996140087952902581520798886903002339835745440719530657268844e-1
beta = 3.74866810177856502205997939317486220652929609945476804834546896086329080204632636254947928830491345762503960059259068248448459547221874607364588699939003535e-1
gamma = 4.87327620665229680326408557745818308436227174678923177848999936994630814061793877771959583168830528468280345419552338039294042642830890902704974125467694430
x0 = 7.95089809128590770591325485422893187693736137679655168987650037271739001046744641404014379439882179461364717903251162685105187206112401190266199964222591428e-1
y0 = 7.26708179212505081301790234307660830350434794253872146016858586118025046828214566608990806438490192610067405090698695318167421649288116790954077984650655676e-1
z0 = 7.48854389297242457651180428290358012677337048890691738990457606963095072174023404798481336235292878111495113983515237450373935257258794855912586141336982136e-1
