Lorenz attractor parameters:
alpha = 1.78155293489413006924750752246356919522563423739077255008312526628520584957916561960203834790831354814968702762838780303876279063465203653771990748947481969e+1
rho = 3.35787971701374264294921543586496982530922155143191178861628835490731911496600094948243394004294366577777250938945101079971110951141971606361666510981352321e+1
beta = 7.32187769996089753693011474652686843021161315506864951693855669206872428398054292610871741832639901820868207989664845163777864148736868122935699356224247837
x0 = 3.48256990941361054285131885802900365462014621804475142529455545604906764628787881056213696047763198636361955961381064709919069292917414239103633090436287779e-1
y0 = 8.30844740304557951309046685373897983401034950931107136854486138026456412871580763194514793900081326207183919012166521983298716127545906290200495296251259398e-1
z0 = -5.21756512821538612629072094629086598115547838674647658446173955894156338597720646577757152997775540220446670530571914525037591590097915190317628528139380996e-1

Rossler attractor parameters:
alpha = 2.37377487550199724524374922981660311567438911445177584628191583151086970768443760819939785087453101336701354634343345944929563414738310228445711652024514817e-1
beta = 2.29116303813232250424675760057138167348289008880168669335622652124437807185779235877925174253957892886343362222585530123946038132508303100479907868653492951e-1
gamma = 5.12262759787152875115700473597133752702331986605344333967819965429520218367464942097414723642829211262440872966517169478590213450878026639520203061178421190
x0 = 1.66356040707955155851298550074593420175180500454819062936501141142333457778363236122933792007590547207552263144195202339531482355450970286247772297937316936e-1
y0 = 2.53988649348723073186689556197584400045491941294396268806604793670868870648960057016909149017608328264955584083197444716094734480648643561009617317938067677e-1
z0 = -7.34230193185727201954334602669968550405450421574269617709456764957614599241695645843490793296830166735141615725653998426000586909242247654703561055801604397e-1
