Lorenz attractor parameters:
alpha = 2.23243925969695637919798324778582120676796008216587830435758377628288407636940669099306999286314006562490950600472721550833769864790965740005935421216271540e+1
rho = 4.56580582404779541494687805648282079793644174837341613526149472932400867777131901950171171664340035833576710817206981972421976724836033175157398532683681020e+1
beta = 6.52187247915280632635243531612327104253846734880398369804210201745950710841431613472025661483418970128250760085997525642624835317314060086996322538236306229
x0 = -6.89317284007238822061214047512604877125753498229083371455354323357043007089310794644668137023536552220367152346469067198442792146672863581531151934308536313e-1
y0 = 7.40366506269372304095594354018380098984753759105109497488061663456289872273937739559420263189552474389575642715010625643194944431630403004414589612006484301e-1
z0 = -8.87438255309797010994421788954372419488789709046850776787312131741695167376517861791196214869244124213812930609012455963069785369126957547444364776576107718e-1

Rossler attractor parameters:
alpha = 2.80394959515144563985590154298390333679686455838236238732112682765402217752021838795403874849623010889451490198006616066213052750664322055254281524221543950e-1
beta = 3.30307678482638522276020852046097094214566561493355110983063984188746653585111095376830126800029597617699577295081493116487512884888571167778489723698464120e-1
gamma = 4.62615457956034437732787075328075827717816376927223232075210303103183537304021202635029890870223702336765687138198729203175161594140884277476409579383400105
x0 = 4.66576588091708993581919462225362408079841364212260285491245000386259053082325986159185872487344719696484841265010107897692410227699396306508870938098463699e-1
y0 = 5.79697914225839969807229922063290105230775710768427565120359680205751061535324464335723064996173169927752190235886811388603789447156614366526070221572215840e-1
z0 = 4.81651153174066521774077099642752250490129110631593088913519442506842055594009373147976292831812190279277130160144125185974000574077479808627385556989994663e-1
